341632
320829
364294
176082
194693
105504
315687
130726
90498
90194
196627
17101
102748
90034
332313
90612
251358
153933
300166
133502
89398
320828
90551
271458
104147
90296
195918
89517
366297
224831
163249
273019
159882
89686
235967
92203
105929
8097
91556
89238
90802
116441
364181
201405
91318
89532
89493
347424
90569
83907
89234
231085
82511
104694
155379
271770
89879
229586
245091
247266
89487
303863
83729
89102
125258
106688
157886
12431
376812
225029
90093
223875
90283
91246
246158
91069
243995
90899
79858
91512
149677
104679
305229
100552
89413
294804
250140
88343
295640
245384
79857
13860
230463
181053
239270
89681
90117
89809
12608
7948
158023
253080
95231
91248
105502
91413
89556
292419
301929
162471
238335
91285
