202769
364294
244519
90623
94969
89779
91584
101509
17101
332313
90612
249596
89831
248872
104147
276200
150643
111790
104809
89517
366297
120908
359886
73964
90692
91339
93211
245360
90445
116441
89532
89493
292492
12685
83907
83907
243934
90027
221145
82511
155379
89855
286663
286663
89879
224513
247266
244784
90457
337078
104322
89102
12431
104329
74606
225029
249880
223875
90283
246158
91069
247695
243995
79858
87812
245340
294804
250140
88343
222972
295640
245384
79857
244813
90117
89852
158023
88308
354793
89707
292419
91285
90793
