215158
332420
187396
264716
243624
248643
308737
305036
166602
208059
256124
299528
368900
128531
250688
121124
73406
292650
351087
332964
188922
204715
301885
190048
284338
205738
157137
191123
360588
140756
320682
195440
249846
142915
376277
148240
188479
237014
205762
201118
306930
114797
200192
267328
202441
87887
319890
183167
128068
128533
247373
301083
367424
148549
367794
195280
209435
371017
147551
189564
334073
137701
150098
320057
295553
282715
253586
149951
86988
308676
189934
187687
326975
199744
284325
190947
309294
321073
284819
